99999999999996597351338716991895439252513208544182069056030171213073760903843663018741051479614098642795380160586283761209174001415433797877463766366574998168230878341411383361
99999999999964686992873960815686605528143114938644609204966569560782462866369982573528956986744400523886487601969863697462401424472450413374205286253699545775643637930494121143
99999999999995919999179399134951101238618335424818307985079740802767541980483841188340630277547039070481133957512684951282373945046023757758926323172905115049222353192628008886
89999999999999999999999998829174918635505074166874508678942918466021338565812257129930477643769999924254694467955374704133633264646491329947540808431283489916236691340230602989
29999999999999599999993216812266937128364917593651315490886766397278120205748947639999999884999999995771599999994390790801258691412370771636014083611635993610433069957099419243
43499999999935299999995167740318435625898886654047209573255388141545117688322739179999999999999999999999999999997822669997827794111409805763055090244678791152719236702039343611
79999999999923320499983782169844367151040507578760431764067320158315901599999999999999999999999999999999999999999999999999858102640078176495814899471957841965033940708023455814
04499999956689601067190255634413568058031212627010460717391602295236325659999999999999999999999999999999999999999999999999973777995782516298514344580390575721728086598134557213
91999999923415054905638248826758015486105359454870706884385507738399996999999999999999999998397099994629299999999999999999999497159672011012457513507695889656881601521659180309
59999999940970553447289291921583669448491412227883490924382882999999999999999999996821399999756319999259309999949999999999999999999999639163048122909216588880891348599759228589
99999998608615786155698291493326669245418726559550740668724153706999999999999189999911761271098978764653103969692820999999999999999999435792440347295651727480728875419175703671
99999992839993399934962980570996537056862651226827256058629111747999999999873932396424524720516478270821867594715675999992999999999999911709967302021817357180637301547956908047
99999999999999999598909834087649205513920227262448802469429999999999994999937442103415227499747150612041163611099573599973158499999999999975243232055853518357935439257870164619
99999999999999994780914079938502240479794429291176661873989999999999949726331011516586802810184460675190762716815904176593411499999999999999999911768333947825520872392731743057
99999999719999996950428152017395513823324912172854062032509999999999991885200034624271108513465238708044563860107222263441503999999999999999999955746810942720998225891863314704
99999994114166108259524912336075599256765784130518416496999999999995216972626609563290349483602971611761515150993529569104528149877672999999999920591040157252604769695064161563
99999996190882387934094784278741841804474517688968452999999999999678921384074056348787881159613077487210469338166377778113265363888863299999999964533699807124922723403837915278
99999924574917956792214237044399616671301976907726899999999999997415473496379687785777476914490053824781840941043470655482216756975224699999999993992452637039728204456964317760
99999949446486776994512010073793389651424155060263389999999999608963763589002779608438833004223235699177508928807981441454002089990739999999999999999999908983511970106370819330
99999923864996681385271591585482332103524683370317386999994483037599182901040694830601454821129462504587741287532781198753561478166795999481999999999999999813429603898219660884
99999979994199924154648764569690843349304043869352999999987759495064527434306361783473999975999743854315338847194008546918355521204075569636279999999999993267979119545428929654
99999949999993238468811079769813583195795429547814999999999137981435886621300233957999999999999999990284535365066289666427389721960829541393822999999999954593440973228548411418
99999999999999807816940288343534668341497717245642699999326001991169093667401629999999999999999999999284242713029891650478122451157389744742793999999999699818613691652342983993
99999999999999389596311841087919322902464468625771799993284815609570647583539999999891563399849899999999996742834423068266910061610817412615499999999999890817499028828766091480
99999912899993364250633310961958076828817608086839999999966849052845604189999988311910527108136683939999999947818925021025220278203811484395999999999999999954222606524690144514
99999991139327086939038689959555255766434420403099999999907324501981423919999147348438344519672390793999999992319842309163210706557977418195661981539999999499999833586183665605
99999914836651937997758648756639161925492409108999999999121206432998052999988522146641597055457159749659299999792341147950309686873945401171671935652999999999999964211901965226
99999997162016069195255075656757558336128253369901999999243381199927445999986600896888884143777958045342399899999243821166961297427613350962900971590699999999999911171482701939
99999965145067990670458097716594850768394292986104999999908826511434739999071687888999999999290207825220474349999521465115477772432015709148989513338599999999999527421543362387
99999916992929997881359277107562067196791339592299999999243135120995919992982888888863436199992721477142980999999939951608099200605116089170211892699999999999996695611279270190
99999917999999455520990553849040465996980252155239999999623358371331749991123988888888849313999654373123466095799999171321232420446006790441719289599999999999914075792172372258
99999999999999992456294081067060401703214198643498729999938706207138589998693788888888884496199999297347032946799999846292377979632983603908111623975493899999999999485960275568
99999999999999986319718596670998666429705217131123999999997823143855523999449648888888888187129993496808934706999999557455448358712259663041786220248947639999996199998955490252
99999999219995251494224057057277164596410927701331999999344445268875149499936965888888888844619993590201008443416999895835829552760593424426726261917553009999999899999941464160
99999999974167374469982203210532119128461052074651999999999108073749476299998480933888886564869999224157394939974999995212435323901685148698470297097137676999999999999996557390
99999999926159869611941026694612979306194203167860570639999959629497960396999999999998850958749998996517219214699999990282379509289951921021923787191297217099999999999994987502
99999999992389043999898038762730026872223589595337943899999975272311418090382688888420415122199997633779294444499999970885885424124321344625530389243192899999999999999948456113
49999999995132326998243256422602411195570706878151346899999999947323679671355135126457403741999941672588069539941399991915719243465612532311838753938396999999999999999258320125
79999999995299917999959228509017982661679941784433990262219999946137256782442638522585826499999988225478368933245999999414295146449710659803167238529851499999999999912276398242
91789999999459999999669793800087291713812622821222838655159999999997843791393561746298145999999767516328032971999999999104687940087298044487437054269697399528999999999085021723
24929999999999999999803759355068574969328520653806091169729999999995599092495910312792999999925108979364974608938999943103511160980734703046612301399041282178149999999998786896
78921999999999999992133309632444655935488580111982272560469830499999999474999999599999999992491767523968146299981999963527951264585430633224362135743047170075071999999999936470
32899999999999764756354411332163933609397401315541473009295014399999999999999999999999961700658652504118540734889999999468057663511782672667191677157499733586704699999999999824
32999999999999993391691722340840270630529956452194207317834417975618899989999999999549613075461703675802110449999999999746782586362458579276335724720797019126601599999999999993
61999999999999995463278449114309277252480619343799370206000830293063311611299229112720666481037124743134025121999999997421694917285750557733477499850050138019296299999999999990
02699999999999999393614799962725798452677646658846750915752467598513271082862811236950657434961442421540711978999999261287670115621245691091980118717816602999999999999999999978
54981969999999999998999999999111724173585623213168834145835922525576559493613990638557945989402887938546179999999999916966470388983300434313198484740761283999999999999999999341
15500791699999999999499999999144559227934774369011288470210046696862484293271812108419701099364921830280499999999999420399306694750920873588658180539017772799999999999994994347
61939999850989999999999999996739273855135961147820745719974648212634448024133095975089565131835105374924739999999999199414753395178202624794589637555259239997239999999973158968
76539487173589999999999970111986176206010373290742831072235956094098911843714049724503470436626279445715199999999992462818429244836328677735195818218141129444025999999978443502
89140998399840999999999999769414234932208921033822877613124181418261906638361389974935817962738865729999999999957888348956740325976974715069433918518742007429742999999666999115
19411272381869999999999999680124424998256049197183067975927752698405606079018357947319018166748984999999999999934657835450285380007749541831842837616969132396474999999092891131
97089198871809999999999999999618999999957245984911029971836930806974270453716863693255676566127299521999999999999969420490558724190588135418649953228596795715879999999654999999
09709676181469999999999999999999999999936792391404730752818559857822586976623924475624517320748920416999999999941761243247575715516415403312666237113397557712799999999999999999
53885926709542499999999999999999999999999758589276681123159163117260552589393879936124642999999992699999999991300739631772943737144296466015080578702077298599999999999999999999
06441749453258633691459859999999999999999589689999934671829839311573494178617197777028279493999999999999963213717542334644736876701497633883324845865419309999999999999999999999
76915357978053023999433321999999999999999998999999994698792217272616657242838024999899918044299999999999779725550766824577375944957493995916778822275346592999999999999999999999
14953436747510765423667239799999999999999999999999955914449999980499049999989214539999999999999999999999896447289101978954467015363515286213618445211689127999999999999999999991
76429064436975653133570113299999999983999999999999994124233899992733895899999789599999999999999999999993723296196818228000561750348800674890610142425732799974399999999999994631
65631017201028847738775332399999999993749999999999999999999999999833999999999999999999999999999927974470398794826047124121543687834369780235245707448932891147325999999998679910
79230025036797491499582625319999999699939199999999999999999999999999999999999999999999999999992358505413601773542156580495475613776253198038938946519647309978202399999999997306
10603101787299924139999996900934999359421999999999999999999999999999999999999999999949999999999997170347215664226893258117087854119661238752187952829350283079667591899999999122
25279102516329317816410912469572499984113799999999993589999999999999999999999999999954729999995110554440170529130946234487757175420811935785577352192892238319903545799999999936
29952899643342523627316325654857729569433279999999989957189999999999987199999999991207978918690364724676801036556991330487145730093628018779786123715921722235762185689999999979
41755560804391981373048223570659842715176801999995975472579999999998984815999999999919120133964430062798282966252652617025483931612288543700143895038127435133131899998999999992
17724850147620623445645499564182161797181327807567993956173999999942716604164989309962376188230124857324961093536517380294008997466093882123635557591879999999186299999999999998
01590452089782852271103084472807113656066220134041999044077171442199491485070181091437623261034000850994096836635876136604351681891932539529912231209199999999996799999999999999
12331495216658661231350251067691344557300759835516142077101980300307752724628128020904291263052944079915348684530006932772377007306474942657006783963449999999299999999999999999
91437172639429878414890334287796597610181595295360512591574305758894569294855483354475728072916172802323709957005863090947838568640946966029763372171359999999999999599999999999
62371130261716340764604236982634462507698952760110360373916050930892715669362989654118210571544089956576774324445688436736165789378154551496441021799994699999997960999999999999
29343267476532422808282689189407978434665189833083451654720446546473218002165501315733467836526790881881851847736885823603558820631296875857338927998499519999818293399999999999
22127516768965266773695183280495947795557178541733065143213174019421245858606380179134667592211060370263156890229279104340199810545012926379999969523487384749988383699999999999
