6199217883819621724951589244191718329351111456471571891815566643546239622415841348116764233916868374616734993276557714139962259718419249541726155337821762689245263542155664983589813842564334567796895151
1584798914784532156867375773448434461111111116673972522111111111193376939817659527651247786212258811111134395222448344671519372151111111111117138994788611111111666977184322774226512858681821111111111386
5618111111111396488191111111167541511111748211252841641112111111111185666111111291438234867385865116259119996191111114796322161111159784362114593318911167826811154814111111598411111939413111158787118923
6811111111111119619771119684182142111631484728739353241311132762211147319121111164911231592178665121555184751321414216933494641114638353712791787334117941185541164711153529392869211153379116696141473356
4711112384162211184368118369218811931167241931973279948629113657631191645121379118922251338923266166237257337113863318946955311115541771811117681181283211893391171113389391638811116799888211987559766672
4111195853497545114454111119996171668111357474391122594593461175521135457111185393383256991391595119178534465896153617215912414311421111978711191616647162377511822114319355193886774352349398111167795172
8611183146911113341444116927861329897586934936719353317445119641871123679711127265848511658111438811794122552535571614978587511111111755211113593314181111115117621211111111127811898494252344285137275484
8961111111111111111279769418846465419628274869366111111111832157611742864211112785227167936168637692114511594751954611748541561111771111113111165812125338831117591136382639151185697967282611173316213786
9811111111865621196444443631111111114198792793111111111111115771956168357191211618411692111168389449118558691111152821215132487324795141125114246415771967443834577941471471111111331484973111881116815129
8761743589638571891767598111222222115456112511111166544228112887289841111111111111116174759127427547727439961122159146111534199461169611818573289834925115662289827922191113964951377327411243839771732528
7852377617759671113219943112111111111199588111176594424431588381251111112215665111952835878811423818588719111222116715711651316111119511126154243744811151197374843474111691542828871221118591179999151174
6948589913985111111115957912123175255147321115544378847852759179911111812214367867334111273135733764171611111232154938588732611122112116974116534257517229511281711711665439787862153311776267763677162514
6453438431551112571371175111117524351138216111751855711111311952111258412211313549111121652754638947111111371232145272455511112222116811239518195517918851456447712371279381438865515614546893638548114899
1172111118589711245622653597111151264179251911111111118111855479116431612113775581112221658561611111111498411222111111111111112332144111325261886148511697299716114698111176935548114513142117997187111623
5661111111122468191414814275931111916278296913626722857615531951123623111179273111222321297411111126995129112111111111111796612322171113966152779283566111915754134382186664977949552112189119236673122151
3161146227115733332321687824842848819375869756444481111111959157127398111354611122233321941111416782281711111131691893824551112221182311117846425848994651111111175444749685563538161416566711115821838424
9711136393211642374448761112779731351458375155821111111111111785163661115421112223333221111221111111141111116213411112582811222211134381317676411133913979396689737372412166113447999617335541114111651714
1911191991622137284597111211115886111111111146881111981781121849138111634111222322222211111111111122111221631256311882231112232112491473427311112193741529163241465391761117471111289941744542511157279191
6211895793821311494931121111114133112111112117551212365177111279569593482112222221111117282782932111111121111121126267111112332168925957845111222169311111111126447844118252629911621521139287816647459666
8711137473567617244971121685111563121117911216241111684723211296717613111122211111184416242852316622343111112111189857375212222111111111111122222173811145311111276941356836641115388834251251173633955983
2451115591112114774671111575816164121926511218451111144442858493215311122211119969253996291417676893447468111112111147311111111111112211111223221128711551434811678788933918137727312659794399335163195367
5591117111633849794337311169347832111163841115882751111584728163641112221116886843914111111111111111148597458611122111111111149247111114241232211634251137945431259383718121971544619356472499111111115763
5979111111314921748673159111295684512168535165271496562111723795211222111874929511111184833879511811111111551399112222146857856495438494411232111169161977855711469467729492111118698778159991166713531229
6451221836143711111117372932111793411116782334946358187367763191112221182738627114978731176893835194577911113792211122112469551111116126112222175777229959672561652438761111111146131852283812541712521387
4611368466765111111111145649673525297411197193411111111164284811222211978496531983419546555111129325184436111314384112211898334661134611122211191764778693977671418931111259463388698136417812551893111297
6441625933491111227781154549859614564982734264111111111114114412222113577896317352474751111118582787311111179292926711221114371411111112221113798212984613618115253391166258721188848617642111939585597911
1868154198681118233978181572111111111782287271121261481216785112221144142582115799758111221182366111194542721916544771122211878661111222111757966661112132494891532188113111111865111111617693684372137323
4744381674782111389553112891111111111111132792121941291116851122211311783281212623931122221181952136826198731111113348112221661611621111165542366411811173223761733548511111235537135359112939334526575786
3342516415147411115661231763115776715111177145121113841142981223213169111224211862911223321139411143291413531126411755411221117916543116269162867571482711616757332969678512569911354914511227245459253387
1527137982818299111116476982111144444991113594112154111178311233219656111181487435212233322119139817311772611388493848371222211165798811264859682111648761197825744711111398125211367196113175439111111138
4577198687278339744731924796811116742234274667311115911957312233218633997952814331512233332211111111111316111661533862981123222111111111114523855845116141133257881143621112564214788811152621411454131192
5591144471117314275828115482877111111192878963591144511421712333218894885716713654111223333222222222221215811185194944461123332222222222211161679177611191116336112378519111172665612512398341213697631164
1661123651217176181111111214614262695433885595696693411157712333213861112384541455111122223333333222111111111381791138298123322222222211111168489126474946619317116931813511199513764981643112445871811175
1871137411218884611115772714462977171931115852243427121348712222211111111111822387126111122222222211131112216272236111285123321111111117553615932696732945911567315151138111213948649736842855374695589825
4891131161119583111152492713449321111111211111118191961624412211119537572411114365911184111221111114752912211473815311363123321642343273164331442679177974117922192517111141234859781111111871431898539979
6291179811144491119534253121731111222222222222111139581542312113986694214367111182739834681111647683221112221715657311471123321135723939311111111167911953127136273372639925195111111935611119461522435633
6722117111995352111377111713811222222111111122222111654351411146611123311499111111111888496811197111189712221161662311413123322183617388261921556117989111117111699996819919368114432371867118123282866611
6854311112312357811111155939112222111138828111122221118111118191111872413724697211113145374151995129448311111422766911373123332111155939925184597418168845636454111111114734581153191286441119413111153465
9177613213613699893562537711122221127775135616111122211112211111178237116989982749111111362837748856111111711275588114225123432221123329862433383411126822943111111632511142381398348931111879991183111568
8569521673116177422642296741223211331911111177693111122222212527357936117511199644461111111111111111111119111136411184915123433322117141751662171179538574696147751623581116511368381111569836121979861135
9561567541138311433855786211233218246152548554869217111122211476713578115941313582638111221111111111184623114568511734311123332222211571114151113663885293424111561185111898481632155889966523513519211119
4734839621193411265138719511223215247216615359279293862111111111645419914319214822692111211645487897793531113615118677111222222111111111129815941117611187937113732111139639868219324111111547821754711561
1737365611366511912411263571122211159181111111152152261874218243872918878325581261111121116816294296856411118991151657312232111129721735714378871111112111747611985573287547394443911113711118459583329377
9522358811411111919194872975112221165631122222111164879765794191113598481653111111221111289923775483164671136211633898112332179598728611111111133126122221117393179437338496384226911237337112273483396521
1727573611112117931166951574111222113384111122222111114855454859162822111111122222111932898867588295395581168717139656122332114215268111147321164235123322211181511159711111111111417842271162349969794226
5854919827111157211114951493671112211194293111122222111111111111111111122222222332149131985831111198263311383853929511123332194813843111927511648131123333222113636219111111111116411836895922748211136326
1311811526659412521457111345327811111111148233111112222222222222222221111111112232111111111111117815258111751783886112223432111699225127531115579911223333332211274331163854317116441111263552411114111359
1213771132482472441836211789295861821111111973684511111111222111111111964973511222222222221111656569111191814615887122333332221881518296751165835112222222333221145111822428331111895411111451111183691154
3613731169869167291149111167167882973257128829168442273541111181456648184679611123333222111486918411118211113456611122222222221659193195116854231122221112343322115411135439111114782333699127211252841635
3813327114715132221111114141111111952442154175258239977991973311111111246494427123322211154334681112439211551731112211111111111143213111117157211222211612333332214911852861138317513111118376341776311173
8314743114836411934511112821111111139983711111115623623849124273968311843192721122221113473691111458511189259911122116642598528292463192818452112222119912222223212151917214282511111111111412161338787173
9118441111361151198357944111511561115272111111111294164438693294315112582871111222111169866511742671119644643112211164257674281412574412459911122211179112111123211592435455334111115451731452635845198128
1811845111471972116697157119641511124373811364411622189711119129941164341111222111166538421114581114273128331122112774592611111111284552521112222112736711145123221281847274181111281798163264549686112266
3871125114333114111789459113747312159829961724941192571112728581114288111222211141541498837789711128219299111211184941162167111552415881111222211154136111757123321328951877681113976279458536346111115686
1648311146911112112258441566174711121358631177737312111858535611275711122221116525751169634264111741126611122113752211211118942126251111222221117117281113262123321697674311184111142614166815111161111351
4889511217378611116918981578729111235111111871432745114985331156861112222111485586813111113111171118543111221125685734222234482111111222221111545115621115943123321386829112133541111111134572111116811195
6959562569476311985476533385851199354111111797783331155351111747111222211122454672244312211461111282811122221549451968199111111122222221111161641243311134191123321111711122119912535957928948112953481155
1471396377644894259386886893366879271168211119848381169111182811122221119828976779113112112788544252112222221111111111111122222222211111743935114387111192951223321221112222212115338281259942163975451162
4216688186635816315422849276137713391772912136578658111179411811222211755337151453516121184667222311111111222222222222222222211111112979146641183411111827771233321111222333211812511111115264715591571193
1163811717191623717498938118213832421518112111484225227685561112221112635611699173111111649253111111948571222222222211111111118318628625911113944111118428111234322222222223221525111445931365236227111994
9646441257141175817867141111111211667172711116726516159642811222211977641116957345121113678411117383666111221111111115643528441259175721723647651111966825112234333222111123321178114788731153894542213942
6923861196144168211323146713721113623232511481365661927457112222113418116529417191111189441111171487111111111529811244888282111111111488986669111117572611122333322211163123322179119733238685551112582276
3736691174131118511195855469951136589132511525184711163611122221198161125723186711199695811193245111111111429163762373451111111111111113985111115228791112223322221112513123332125113717588139194845672654
4217311167111417351197897657911143147961745981193758145911222211341911469211542112984911111591651121119543963789893111832737135855412213671112841633111222333221111271946123432197711172171866715811114324
1361511167116316866111246661111152576185269911219921129712232113254118176119631152744811119483111111272352561953957111246589655312812118452932578541111112332211546793646123432178798927254868872616911924
7791111365511119393343111111386391159511812211116191189112322132371198811111111381519311131121121177552462211244511118351315264436111133925511973111112912322119814131139123432172637541777333541182841861
3783542436111129869778892725864631228811621111762651521122321147471578111444665131197111422611211152481179315312115149835547527611117595468814251119563112221166119881167123432127664931111143129173271148
4228662891416144744515778417443511112971196611233816198123321662217266112622668128837111516112212789314439118741144836664681111111543544289966111117861122211874112811188123332117341115485851164763115722
9147141776277129818564111638285111658181428481111139511123321357919567118681298611681113874122114514111591156711986674511111111137991281988211111889211222116345811981186123322197911713343841177554471286
5551673713527583121764357811186311163111567163141184131223321428923617116193518114591218211122197821176991224711874131944679241124187525311111463945112221187274911181781123321195113478343511491468811899
8511183118625713961115167151228751111119116399456929781233321576736516111455531118691216991222117971544461924213886211482184461117111111111126452111122211272124112111921223221364115748431118914323695883
3861531137485876158111155211498611212697272514724955931234321557111115411132111118781215891122185411186191935911512771815844411111111111374853156112222118188551111111631233211535118612165251366111111741
7591111172711277191481111115472671786497853137118616731234321373641112687111112999421111444122119772113151134917667962833181111711582837911163111122221157155111115919111232216431511141887835111785311228
1552676595213581135687814725119148947332631191111716731233321774637116561893911612236116962112218767711611131114381111111111189698961111187449111222111184297811391951412232112221461116767111481419114719
2422269544111659125125115437595881518879811125111161691223321398911118121374786113325111143211211458711111117214371111111213117161115972516811122221155921834611177538112322187697577491571113783331533815
5729115751196331127415134641281261179918991112721166141123321161111169111111111119845611194671121142883111269111739171397785412994933222841112222111973813564251114311122221141171113382481161545311975811
8257115411143411831682116891151121115619773511111171223123321198117796211791111792289461111673112111988658399112411756111111233721775811111222211129747291211111167811222211895111111116811181922968179512
6111851484111111363683417318123711151717271726874622825123322117111946414942154977187662111557511111111244312884417111113581171753727111122221114116865479113411689112222116181115418113211525887881943225
6618341391418681769625711682311111973481579351358277414122332116711118351174959182111792981111483122211117825717732139679741247381111122222111824311192267597556881122221135431141619611951111111128886545
8119474421152133616154414247144328697148111146111117979112222211961135525826112419111664234911111123222211111473811851593881111111222222111146118832511177533676111222211295818165511241346631347222111411
7177314682515467126555115136385452261152761571267131116211122221557136856993311474411195928255111122222222221111111111111111222222222111148536248169411321347751122221116116169119742871128919522611551688
3111361111725961136711118574369223111187226123879794111689112221179127857935611141991111129131854111111122222222222222222222222111111113413442111174411833224111222111211969197114111161144986235819441165
3484166154115328111118831522117216651116661299431111164952311222111822115598781111918121115471761461913111111111112221112111111181125959671811111825211747711122222152472374111115721111126791319152181172
4897821115413775211439214151933451663111111111111185477249331122221112111114549111115917119557211119342283193347711111211157861128763325911111119372115961112222211196188111111561184511972678394356361136
2665991224782191721468861482775317891518784157323837841231396112222111122111526581111111116124172491111111111487886653742211111113415211112111821927483111222221116483111166119687386483411171826686281638
3956251172973121119619271143351136914265111581159593253514359511122222222221111754769111182453851827232391221174311111111111678217811112211142573448111122222111882411517361146178998565611771117612711485
3119431116619115762971324111116542484736111199287111112811883286111222333322221111954381488746111111111111111899134851111482493311112211112115471111122222211196195147974434454862575861182785145861199517
3178156811137624688885116865337689211111111176811683881111828692431112222333322221111187193938937151111111849765886411293381111112222216174811111222222221119943911968532439741957111111147896111111737166
8455111333234315511111111353896186136135111441672572795879961111264311112234333322222111111149453394878366168134922511111111222222333211111112222232211111125342911111145529121111119335751979532275418336
6869911752815885611454399519239471551226424198514646429947332265687554911234444333332222222111111111111111111111111112222222233333343222222222333332112894758839473111333453611111743283289655248811111313
2611111499639287791181127984115937559575772974781931196111327916298741281233333333333333332222222222222222222222222222333333333333333333333333333332121345311838566658169719871116527671115211646117681169
4284361148137361259111133151712157411111111111111111111111111111111111111222222222222222222222222222222222222222222222222222222222222222222222222222111111111111111111111123183111111118123233674114641474
2957481187143117147843111113294379417864111111111111111111111111111111111111111111111111111111111111111111111111111111111111111111111111111111111111111111111111111116111315658643859227194733261188563441
9661591198176375118965111261989415119244698315375764872257726766945493972918145468758198496848843785798597934785866464694513823152795494287115799531654856856278117552737185878517641111111118551119735622
4337114382511732115214573958516986529411961913551111111142759311119881816736261111625883127311111618111841672687564996861111133832885287111668964426619111111117496873111111117152311349156111672145462147
1463398623211111121353371117435642453493112775115421111111611126611111164711111111111314611148492111564212562116598333111111111113167111111111173519511111145411338131114441117179118673714771873111211956
4729865835692281195336748721113774538196991531453372451191119736521144181115361994121412711213679416765913971466111981134393542112421157678165111391811186284136395933616756115445119118858111218823627454
1589218447962661117923213451119231118599711691929628111285181521111565547622389311111382815975145189211331221746119651111655435736471244663985126171114214557842446339915145317468911112612715766313869614
8151171533389579581124315111149251118289119961417999196393791111866733723219111111183541924572242534896149119148411773112417649479881468419257831191118798611187151214863549419684241136934662259983861486
5311938551911637362121119214415262841171178661471811159581242528241655281985219647716646364286233511111185311196173261121832342145793497611511498497521311188481368557811643968443915363663411418111113836
5321733185771563655337211451496652491181562695986967351392897582642147193618642341471652695672622118569911179577732879761892897188763874681111138177121318569772311124721198112567248115137761841179911391
7481179251838117881639541412682111111138823253451511111111113191124111111987735133133131111111872178367761681788133444552423632155477211187655511119613111485657675118937112229234155911334412812341811256
5181535371221199514714711797734733875632111186488797235927611274118424851111129918417461759411917516181393132815972479116918411148492123647938458111724119314832233911157191546194329411141641126554211216
3831111947751376831159117666192878983148871137117616527621117666361171381111481233116917471118947522432492722121976428811881369113277135124235111111847311177117589931111171158211422711555649172393116195
9959111111116445361111149397416711111111128328953471111111517456958211111117214876269111111927939971214279698263111111111459812171111136775478743679299333111156523728663118635261611897514148311111117112
