2873987183564115682772661515694
7275367173638699694355297331641
1326178671138889328215152339453
3981733281537659469683911552992
3524194684851923462933747618481
5321242255437434766149747885834
3662223718461712755587744265573
7851887978463414877571942759872
6489373211581421874746173172382
9822752874422436685393456527176
8574444687976152426927511189298
3527972435379413351717815835265
5369954885125725558686489759919
8441483738495334322243863928785
1737268268673256483493979967498
232113792374244@555553218836169
7711683533193153496356245852833
9262223969946182572256537762533
2213287823422513162917726761193
5759824336311874514974475676829
6181897195376919919888481859849
6951823145767532474811695723298
4397442539819685333681369747195
9989638879619917897157664378718
5179927211686757966126211377228
8194955554925926822148479381831
7731987667971475596489812168573
7255544369926555437148822595383
5132258298333397475987586726386
8714219939144979576234691386144
1986396924977464282889885728925
