51513374452625416568868374132275352312723526645545517753152667741574624683728164254262553275781711315
52536886145457324647577136436371336183245761128735127258365374168876317726661468621725666381484321114
14164652312121265238655338812452582585153375467774575727372471173266134165745564451723567335578637546
45473378648148378775882422764645657412217432112241573526887226668243511862378321355224566645871845246
33385728853474767288417365242481333563583827271666162647378887833284621868266662642263332851355842283
67244526711717362288323533875525372111188653217368133578168324142168787885317158856633455544864831624
45762688844131748614455278567644253672565452581265775683537328134746853644384624728553781342225348735
46812168211623746411188441751461337815772841817646286415133465848323848341537676138554626436435773147
53161687876146511437468886788442677635166565157681134545558411871248857867523837637566736784718546865
13525842745336566732235641717144436166111328312147434768631821281412453612853425133753243511537155283
87364311635221151246666818323656413177671275763175365417257521384343253727253666133134128474333181756
65588571565834336428562418811771143638765849644947858686995421577323374885353375414365535844685336516
36661818821638338371212677651188325183388854745448995554656559556453384872656684251846374144132541554
82473878332252385856782264336552133665464794575646498546478887976513677612765512572335483676241216763
45856256871464357348547775536676189748956589658864956495649796549488267525753886864547727251137267748
13176417476114281365565344428567855467786556864577789758777955755886783423482617135754125445658557761
21766223776857164321236223675686675557755699458795999879444774669986944634664776268823318337147435751
71544823753521675568256218778899757965998549966679449664849875654798459564348224334158553164883612615
24351731415253133527313582688764974576889849476968456984968459944864746588875547564675356143768753515
16712538168168814686716282665577774594949658556778554495945975844698675556443444335361226686644385572
36323873451743577316244277785574776657479489957545798546546489745749657856886846215674342866555324376
51431248376548552857121789864465759476998869765969876884955659677796987846966665652714251515212734232
26157517688577857741127767569988446458688644677964767749455984998747989989844954638433257453783583413
67633386726262466758158497665875887686994999597449987858985974497897597698644557521236456348286887744
57157411843562671727498584767777849766964995886454649576565964948455749649864768975111118766718136364
44185137627463323585595777466484666999895559964499984498565776886466956959978487447462168554588672638
17621836555238828354844478765499687996459879856754679584578748844976568747865768698863684418882527182
62468653266238645764558886666569974498687595959595998744445945845659556566489668556433476843455655442
82776878558178721955468694959898946646798589794996675574466954674587794954497476646887653218624744813
66272173815133675967757958578477477465766689459579447557597858547798799947868589589972536823316657614
14145178238634688797687897758658647698694496664997948557466647755455899856975854559589538341422163281
71377342851856826967588694576687658446585888676545994769886585684766585769646847476599741737253377147
22624168325412654797699986995768744674778498594875456486788497555499476798584797764854455143717428558
61312525383742689657577568468655488694556479977764596958554795696858776886998448747449912833735215215
75437373783527766585898954698875869688998974767749756776546778557758687777685957855544977232781564847
35471473172644458654477565677658699776994854679789865978767697955545959987747645984548856877544856854
75575872462214779856866498974549674896597445786958475548477675665875898447945665974945897455884717484
57115188231776586649685455447546895499659968849498487696476879767956744479697659754947876375728471173
63712316758669795585846874499889984448579484496956788874476698454786567767665767854457744233417236338
42357781664698886688965748896848644574858466697556989789794866975764844994896744564997759656558318455
46735754165568588698448997976778975485769786669994557484786645769978996645796764587776898864656388772
74252645738279754754597864457585775955599787787764857667785956849879584486657698564654596876661172733
88685386442748959987444545966567559948498658986569948464798848967478997969884465486678899952442134861
17347148865499679888565599699448998988674547995446958474646669697448565769477488468569557658335334567
72171444411995676796877655756865647944944495846849755595459664559575455697944559994756779664741137377
33357266227877977989949776884565448565984997784447487965565664595958455685969664745886874474578466754
64345783616495976854689478585988688997856645855865579848474855858449749957688985784995856688217176147
42161678218857944597588985564484974769848757889569644576656756467975756896567977674469546478583284338
81764488585947678986668454458855789888979686969664874968985867564866547594858664969864994684577137271
75676247531666994847864546977465847584699784567945654649568596877978967665988444897749494551813172245
67673268145668968688664968895765545585864588864767@64846659444658489564898687959867679598685273521462
32655813687488585657575999799799768969496496899557855484468858584487748765874946476574695962366814864
46656545258446976656895684897974759868995794648665848968694977584455795985766449579587868484228581283
24547637863654699857945854785554866777876997556556867976999997769889584664488645855986764654538765376
75885236456978488544765487765567495754865655484668575977966756788584945596855596776766694566682741111
65751666326564856958985476764669678774877878469494584897748685656668755579456756889774448866215353543
85548327176589779456466847744754764564589878758856745594548459456985887648874659877988564551624151221
86835751586545484698856765845655577967455667978587759868779766545786846668888887674644656647114356423
12647535133856487556455889868877467448555449554887994895897798678766665446944489567678744792158478561
61577267663858478486675677958988474465584979668968594594887654555487564769667744644898899934376112342
58853752488484787446948687788695464454999897895865565685959474994865558884967647945695564485276583278
66772688635575975584795974757665598864897558579779476556859975565958564895599899686765894836775645263
64275858386257956544448858754855564479468499447547778657495764458947774487479799799755764782676565583
58254548148839545749945449764858965659889954585885467947588775769857844648464969658584995218117854263
33722531832529877855944579467764595977684486777745859699956946458456875787594869588646874765824286358
36382514766534679854884948567694996986955447665556487967645447997467898454869976788654574414386771477
86573234287522446465746586757444847678756777989767569986898877545974695854496469859866461834114542253
85185745715636485886498766854647457895757886886489545995699755995868886959948466668987463718583464537
53868353766167346449676985479856877746564744986476995474899589989654558847495669446556621761822657881
56384358171146858776474954897844579676564457666895859984559678794496996444565665884574962461344334813
74337764721722616748684658449595885899655845446999775576947445649988598548588868876566217764414385144
82327182442114876564877656849955994996565649645656666966974678657588455876756659497749434316221436387
41578232333221361695784944645794677865968558878565845474497454444456878674964549786467548735577448484
84286122436183772894777887864749876855996556444584849475889667768944794465877869975563471686214638713
34278766668865418197568855667644799949687947494795886559589788475769645544684678997915445187541173825
57262155158166764457878559878877955649655467999644954666978677888578589454797877569671424744871446426
84176484125246533225645597865747577559679598448946886554678789497889755856458768696656127173565531842
15465823567821528726689857594487788855686669476486495549587858754968654467596564464761437835528535611
64355153166864765628278484644588888458658695999788565797765858855958784784545869574252178578647568837
32468152186563632383764848646584764646857854585667578775968854959874647775795669114885364366283662276
88272648761838812217358646466485544984447679486576965748686554889456658475597567575136857841714435845
42383278471471723364467817895985596894476699764446798799949498766944665878475236112887437825875185427
31734381635143184463415286597844847544455586655569579956859645675795749767782872456254748545562214188
23648566455565447461173537364585665487978596978946466598997645847949695464545355847383618352458563554
48652668645886216733472756165849987479885594569998784766656545796687877486134216174686533471426711238
61478465782867168362433841437744997956789849848974478566686776665649744884121618115787423571468846656
31527267626773584163722211728576665678884947677499844485564674496448947418624164431211156172168324852
76168782582571124721148434156375469859887476695894485977974447745787311713312451826381368161657328286
22145748547418121863517535325148845487996444966446767566646795766513886164227443781851862154216264511
68745862714274562818113864833445436457285464549456558768976697467217414242415721848378323564173212241
82366545416237555172445154172264135737457629646646796758768422321876412215475583126485816335828131635
68182668562324147542255784132882487684746588111556772161783754128821557565652545685614128344141787357
36852773886764764722675714136831164853818888583858314776726774588271538175757842313413433877753453363
62582666551517578863271627368856635177412752342481234532777488342764872575222716222155772446131281335
62885433313637855355441131648463247285354566655426131325281662844524248664786465331481611634767575288
34825856818887837416632533238711413538714256646867665114258788515372426786437277386432634613467274775
16384861266772113734861434416312771333618216133635231612486252221312645471331236751838241767521738685
14826426367577122536446446887587855615335246557686878618277672265641773454875326112854552225527737154
41214586473746845763857733855111862287151163364772464738323264466151567783113321116424253673235723262
14234274451854524713575372665477885873126545447621456482232482214773341131271377263648452726515227155
12615868185563727216527363166816461278777373477413463455518276765758228655181388487222362462863145644
