4745644565646655446867688876446774744847487675768435736374667767647675554357663753543447453646636446357765678657766674665478775788685658847446844677646
5644776684545466758878466687846685644665658778645743367347577374376366343737637446673633354646765344567334565775567545585855875888567887656666685445648
4867688778467457876675765557568657645845484545765474434735755775373775777373747655657767537656335737574637554654544465667666757556665467846844754754744
4476867547666848557458465556658856786578444457576655756653366775457575544645745476667667764377543666544534745685845746448766665486684544765564844684888
7445465465586455648647574648854788676547347565366436456536343365735753365644774444335536445465357556434353435676658475674746746756767755785557755854658
6658658658674645477786484658776787885545336774765754755447676565777666547447353733344777364357774773475346337463344747554486467767656646656755866588585
8667864747677876454586488878885556687347447533656355377737763373655344653443454775554353365343636654444773343565467875684678566747587744754867888844467
4847846745476588777658867844575857347457365733665747553346774377337364577654633375755567775465776745566734446477347548467558555644565564845654766686845
7474456454884658644644654587558545573675556553576454547557767677453457365111111155375454447575333763455474737756556537676865488757875556776757588447548
7854764866767656688448465544467746473363356734573773773776436664745561111199999117736473434766773763373534343734356333547875867856454687568844558774476
754784858448588755758785748754744544447343343545766565344364753755567199911S999913476354736655774333576555334476746346344474875586657687686758468656465
5676658868557468844654455485763453655365667577574544446673634535735451999999999916576754576753543755564334437333443566556774448445688865466754645664847
6784477646678585446644848854667566336467336763573346343577767644654551999999999917773465633474464347373335667556565663553647746688566464888886757764875
7584476464858477776758446476357546737735345576456564345356777354745345676999999614456666477377355643555743777773335377545545354465646774774764846864854
5885878884765856574644787646346335457646345346377543337465444364434466435799994515364744375574633755554467773346463364665465754777848457576775645776744
4885577647668678465754547344565643337635775463374346633474567434774676546536636747766666463636473343343377444477774654467767674746845557574746646665866
8756656477588478565484333766756674465444457335365463443447745573455466445777545666565435463645347337636455464636375356433373473456776774557758647557675
6786676588677865588663754566657633554355575543643643677354446567777535455744455736645536656635556667663557553464345355454457767333888444464455644574448
8468784858854645547454464754364353777633454357364553656437553374375337737675437536547464674536757764333674754543335734557434364376668565766488585764544
5765756887784888765537437467354647635473656475556736777643377647676334433464756667537446737646347536733575355435344464665635753447457547765644674757474
6488888665845656546457577553365564657675573643637443637757545553636343343537363656637456354733764653377635746563467346436657664775537575678645788567855
6658554554767785454544633334476367763337777457743647366734446434565557455673665753546344667546646777773646663466555375354376333763537668845674548465547
8485584847647654333763553575663554467373635733356466443565366757666734676636444465653565336643576746756366666665457466466465534365343334666644877474785
6845544657558563353474567334756764735464364347753745556645344463536525443353626666632263733653464463466657574345646543735375454773654435658776465657867
6666785556676535744636435657575755655536736456446363453474474556356355434566342454662426635356777366335664464334345447434547757563364546455874764574775
4555686684576676565457344465346353336463553536347346554736445462623666232335226665545466565423534553663744443676756777545357477636364643588478568748667
5858556544488544365454647576675437735373543355575544553524332365254562525233532625336354432526463663344443753336345656367456375775454443656787567575855
8857788458484445777633433557463574576554645344774765636322366424454332226654363335264543342233562334577756756656465573355646457734544544465847676647755
8478764754447657664553675554436375534553377634535632346323352256236523343355643356562434366423624623434655765666445656545634363543576753336474484556755
4574686448576646546634744347344675365673343577675634353646555533552435253463432564526454344545546424456677753557434756757655553545355455446477767686765
5444666765664333576773555544533754553577555773552525445355432324452244235222635243364432434654632256644347733763575735636446355666754545674764687676687
8668568874635435756734755564737443366655643365425463626242233542443346326542332422554622445662523522352345655544333574746536535433454376474554647576856
6764845773673537757457746737767335373737373662244632225265344643662323364542353625432246546443334442626322636566745743353776566457657645533764555577745
5454648834774635773663375773446467334666576463456255244653622353245546253532552643332633654226532243235436335344345734563655666346533776476453684757575
6674554475777366477547574357657553434647474226254562666435436266623654555366624636423662355566366262542265355747674555335545337344376433355357674744765
4564757677354537345633336537434746373437354555363233342433553555626323642562563632444454234636345432355564653253446666735633666654446535665643435845574
5655884343666555766577464347745467545676653266522444642442464256454263565656544655652452326644524353625353423423475547773356576764336577575637535855875
6785487476636766553735676434347556377653424425524256643462465542652325453324666654364425633545423334226466655345345544476363337577435444775755573466768
8645435664666656765344453444356337347664662255245456246222635562526226633523255354555242456256624345234545324256663745444754356575676575747433553666468
4584846765356454364677445776356363777366622344342535423466565222553254624453624235323452222233653243463325252362557567564567363373345567534665643477557
6876674363467576535477656434474534653452245424426434365624633323264565534666235654642453652456436663624443356445425375645446445557763755655343457558447
5677755667773447645435466345737663565522434543342235343522362656663465543546325254435322626563426463532526635232264647347635734676647575545433737657655
8853333736437333666364744746755566632233224536664622432323443355656645625334544656655626354452534453235226463654324446736554474637473373665637776763547
4466756663774457456455666533734365562623662366424653452545343244246362455633556653522644353652644424534342236364636354766667336374576553634364543465486
4445546556534767556776466446564342363635235456542653546466224662324424564623464535364646266524623452244465622226552455646767565336765454466446543743747
6735576636565635433656654466463526444355632264646264565336652552425563323336362645236642342653662435464525643566343543653335535443736553553375777376346
8645666573646557636445337337574653262236435446623665342226366226434435444333563436344462432624554633426452436452454532333745336646455577545775757777668
6657633345566545437477346373534445326433264325354242464625532242426545242632356464544536425256323624365233363536356354654563644677734575377534646747534
4374676764476644544456377733333523346652363364324624352244646223532564645462466436445535623536265433442665564642254435465733656447637333656767537567378
5747734444465537376755436776545645665552332525323532636335622255444622454353225256252235526442323546335252226335446446235435374447557443737776476764764
4755457364576446443774577364536264362554232422556253333636655354445332242334353452545323244656653443236564423426364356323354767346476573535343573566364
6337674673677536657673777346436326654552256464646446434666652464353524523232332252534334466243345425532263636635323564255333466437666445736764375645737
7456337743475563744775743545352362643654245433552444456322353523245344455255242224334325444642525363662545225353536664432637634547557764677676755455355
5563767453664773774363775545642556344366326522636256323333452253433255353432452233524543323635535445444243325556325563444254353455673654554434767373366
6365555736643756656537575336253266535534524656642225343643244352222432233424242433433533524356524525434533234332535246365355735436545674676533663437574
7335564756375736763575536565452663665452444224352246633355434422325334334434235522433433332255632524264535625526562362432233434467537346366775376473773
3637464374375765575673756325552436444225543262432535462425534445332234322333535245233353344335536624445533532233654226424432564664346434376443766473735
3776463644737346337456647753642362542324244255323425522333425425254223343352355544325225332423535436363624442665643534645346347633536365557776773553646
3776543666576753473677636554352434366325565442543666564535345235244235454555423332223445342523253346453553262664362244643335456737766676764643445473535
7364365675553763433537637562565244364252635442265562224454423523232252322353342244255342345434355623536462566626453466435254346454634344345464677337447
6364446767566476533655634634263264524663542445365336253545225322552232342532225552345332232353454556454534563244266452325425625545365433473566554664736
3774737535744655576676553653464463655555444232464326444453222432253244435325523522443245334453345266256332322565634356263664325443766343555747734546477
5445567763455444566767662332664622454635356244535465553325532332532433233233542442354332244543242236352525454436534224444335656735567346473447473375445
5554543473565745356756776455324525666622625462666644522353455354542434352335433552532543453344432325236544242254554544255366254676646556675536364377536
5663763667457474573674656663465354445554636534353445343535534222252353222444353353355224425522332253226444532253526625532626664364343776756436773663656
7364576467647654346333462535245334645252363623232262252452453553245444344233355535342352524435435242662566445356264555245322652255453773667776557654443
3554665547354435337335343233425322432363664335323652222325444323232242322434332335524225525554554543422656263553532443646423466454657633335654363437766
4465554373365456433463452526536546544236543432364552533352223224254444243235325422443434534445343543224343462556463255462435542644473533574677465337666
5673634365755735557477544323622452553454324434633443445425533232454422222245333353423233432425523245335543466666654346252532432437767773777456565333636
5375647767737444676457363625336366255244233245253245244234553333233543433424232333534442254534222433245244426663635255645653226234564653434573736344444
4763577537763666377544365226322254544554665526635543334245353353554245542533544254445342443553522442532262243246543534455535234663555553477567373557347
5675543555763777735777365642556345466555555336224534452324254454425444342233233342343554233433534544536626534226253464555422453644533575534437646557354
3764656537437335355477335634462564552226432436463245325423425424325245523222543444524355522334224343532426633236543655666653254445365453575666375336636
7567766337467367776545762233445346634466446256662344555543335325223342522244424342543432454432242434325546423266436462625636443356345433366633553646354
5556767475567536356767454242656654235322344662464522422244522235443554532443545235234533252322342533435466222464664662625656534224774564635447476575555
457547567376775554446535322666454565326254635442343434323223453524335225422@232332345324533232452253452353623324454542526366562567453545576673736574744
4645754464555477374555352443623655263263564654354544335253433235225352242599952333434453554233253335552656466234546465333335224326443356364345665655753
4555753664557545377447322455345633542356233434465354445325235324344252424299934544233532234323232554322643525646636465553556464253374355774553633463334
4437744474536466664536352455422626646254222424642532355545253455434233433599924325342323425245543353244542562224655423633563236246553676543336443464476
6655554677475456733563553435363244455266346566434325335543422522342543545399922522454424552344353355253622536445655443424466555643573666367557467664343
3477356654673653363466654634352523656366463426466532535343452534345525533299925422233335345524433445223436633555332446426345434667655536734747553345655
4434645334443336656446642326335334254665452334466344545453344322323455533599925235225434522452325422245546462636456536424366454243574766446577364734734
6356555433744767436667566362456436355234465562662633452422235322422433324299922245245345255225434552345266662346332654236625433634544636554567543636443
4747575653635767577543534436336522366433342653422653225233435555234422552499953524422343434533243352326263332544535525252452263567655443656345573544636
7353636747657346347677556654444463653332565464665464355554232422332354324499923452235532454443323355534455265622623356456233264477634545675467453554467
3365433444475375643656535356233545265452465553365353235525322553522433555599934423445555243422552344252663235332536342266652525335367664455645356746633
5777737555476443665545465645533256265623344645252424443322422425252233523299925322423443252424352445566666563526632353345622333733547374343754473453353
3636773573667346476655356356542535442226532563436262522454524253545344455399952243533435522523325545252322644255436565624645325337357757644354475735364
5643536367744465743744775632455364452254236634342426522234342232322354542499952244525244522354243226656665223232235423654343235436733764433634333654767
7574344476365456654663636453433535536223354652346244333452532322552242352399942344255222554253435425523663546635542363423634525745474545555454634337643
4533443564335644434556546546243442365545336436366526432454532524234433244499952525544435334443433343633526364632445564434422236375434766466446573735364
6344347676475756334544575623536334636544462332524622242522324424352424224599943325522435354224224254445254546533424462645454336467675443753563365636437
4733637637737577575455445442226552465534565225443266433334555544222234355399934325555442344252354323265245235243452625535353626643754336534764336463667
7545437753446644537574473425224636656635233544533652243243252252445543533599952344555552434555366523656566226325632542632534567733643373643553733743743
6477566374667556547654766635346336635352234655324542443432252523435543252499922424553343534552466432664236465544333463655456364334346634575464535644344
6367546766436335565553375334433465336355646244354346636664533535453434443299925543235254445322434635545226623356365446533465553635364675554654777565334
5653554363475536773577334573346664553262255352466645354656345234422423422599954345325442523333262354232426423233642366566563654365575444446776554755574
3366557764757653645563466462546522663652653432223452336325624253224535235299943454544555325626635363656525334222656566424643363567633764575775547654433
6445356465555537574476467635323344236423443236436626644426253343552232432299944553532423432225552454652263256263245224526636533476447436553546577744555
6756557543673775365645766663565263265565322555454265342353262423252344535499955345333524224322433653354226243222636664535365554445347374363535437376765
3753654575665476756335473654756463566256455362346562626536324562356235352399934555333542363444234263264545253363543464426365346455345635754636767665536
3777554535465653466665376734323645224633636425426262254424356355465625433499954256354426335456553322466323524642222243526335573766437535343677447374553
8644636664443644347546574636535554544542652663335455442654334225625433634599962252626453453424452653425454633636536334325574535346576765776354374773774
6664465653434453477477347745372226455664255554632545363225622424654646326399952264464245566664253562422452423362454652466474343373677476775454455347354
4743575736336753775743645765457345545646225232456662236666545322364243355599965366655533346656432645623224224544253235254555646557437567634734374677365
4676734535574347747365436664647565335444225645663564542546365226544443533499945553235325336565622252642543625644363366674353567667354535634556536755786
5736563535676655675553533737655343354335325363264246545243624426434564424399963333633456444336665626356334653633226245537577445436565777375377457434388
7454536745455554774764744634756464533526624245523446342462264555456254545599963356346364646633436365333566444324462563356476665744644347643677475737578
4765644473345475574635775653756763256644565333266525256224325344432526435299954644553435245635543525325453325346344257456657654563367474543374454543754
6585356374746444557377343776563443433452432343264554656243232632663533635699943434656254622256432435565432336333466437366543554674456734646543633376854
7787563573576765345646665564345347353525433233624454633655556232646343336499923556335445263654536365555264544536664473675447755653456367466347773654544
8586535677436763755663735365546466737353324262423664336632433545254436653299965244242354454642455244334463253223253657754447636666457663655367566354588
4576776554634767634565547634764454776662456534263653565565624564635643522399953644534423665265452534444662522564644336543354335654637555575755636366644
4764583345364543433373464776735753635336242343645542462446344342522664644499955655464252333544343263545236522445335733436676566376364677776544564885787
8685447473774766766663373755633765766446552364365456466322226466643525363399924554656336542262643434246335422243454467457566547573563576735455356654587
8666488457657334446354455373435574767645464664362232524332556652236623266699933255545543656554635332646655644354753376576335775444666334353457747688788
7857556535535757373344553343475364735777663265433435462545442552535554362499924622643435664322352354453644663543467656465535766373334756733635438566586
5845857544375347436764764665477574677537634262254234435332465636355566366299946343434662552236323236346532665563444366644544556755663453374745475785677
5767687764354335344566455435657475354766456346626455254623266435466635554599926523445564532654266356633634646466336567437677463536643433465475748668766
4755545577637545466466753647644536557743645767256344655642462543633624224599922634645544563525623662223425566656636745574573555463633356546633467647858
7658458864765373374355663567365745353747355466423356234425346232346662252499922662262554255226434222226646353373755567674574676754566356437646666568676
6758775487575767737356343537357336476375447464554336464465253453633542454499926243333252635662542224324755647367353437656344534754635365547746766767686
7768545758874676467757336676446346635643574475354764656433333556224564363699956624322655544632324524543574337776656666477467667366656335465756466854674
6766768787567567666663347374753437537365536733445675755232546225264426434499924463353353434636536475675347433647743767567657365675765737343546456876676
6478747558847647647353746357335565636776567675757643367246333346332666454599952646265545435446367754473544434765435376537547354354436545456854777676475
7785877456574647566746474675673666765534336553733357463676465445645225433499933344264525546264664774545576433366337433767743556545757437375754848444456
6447477454876437357645645363356334536577433337365734644657647425564643224399924446232564434443475556557545536747444677575543555457445777764458564848878
7465886784686843746674335367545573664756643675654334343447364566342562325699954562455357453453556765766557746354357657556573656464734764684544776555447
5447784875446868665567643767775773474345644467574477533337365745745337763799943654564537345547656354544346374353757363754743355653364378747846667876675
7646668746875467447653533373453774537544476676353434336433654734664565675399973335657367746467577676477535677654747545443575676656546354774785865668874
5666487558667454544466667766357474677355553337657673375544644375357437654499954444457655453675646333774573335554575354544346644435763667846876847646668
8487665677784875554455376343364375555367437667765674454463537673767754657499943363664775346575336355356676345444345546775675355563746766648577575578787
4854786477476888687673366364566366773666464754573763575733457757776475677699935434467436567755674366456544576654737346657563756536355565754887788856544
5878476444484564558563466465376336534565665763776636465733635654647557333499935765445534455567443744335663765735366777574567753775865876774854785886467
5768776888787447547674775677735475767474474376344745555463635743545355446799945633764644675377653363373456455537353453576777343538888556745666655667558
5658655688565544555786656574436475643476345747545477765737633565355455776399954445565653666536457367336746737354364355645345344685487654675577877858884
4877747877867866756477473737646437356767477663673475334336773645745736557699944644375633574553773436366776663335453443645456654665657645886766476748654
7774784556544454676887674553565436565373443735666643566764664576347445776799976633477355673555776666675455657376743567653645658664454656556868474684866
6555576448666568455668585853563463373375374445374375445767337737636775663399953765333435377367747675334457346634763556767467556745874676477676878787657
5886484567448876885585646668657437457455363676376455657336434763444554434499946734645466457655434747355646635446634743556667486677644778468757785458564
8454885585665778745864644888863466757374344354474663455366336756734453464499933364577373556745567334766576653356377353476786667684665566845667875748445
5886845844674847845658484565668445574677554577355467434465453476453767455499973767437373766553573435444367676753754476434685465856867488566657765448764
4485655485665747474675758847746456336667533556456733755344363467334544675699976475733476676674573564535536677447766666668766544878465468777556465654568
5484444576784448745456485664874544645545474574676774767476535477654373547599975565473356334564474474454353346357566364466844665545485656784654755577547
8445458876584775855558485675577466884334735736343676537643676767676737566799934444673763477775645775765433466375345885858558577754488855678644865688455
5558654474478546585575648484655558848574337457365574434335747554637733647399937357575444556456745434653374665367387687568587586466677664565754466555444
8866588444845785566544555576785866867677554755456664343455477477445475653599936665533567756437377743553757576548865455578848475788846478788887577588488
4775877886778588788865456447468558684564586775645355576775546673637654655699935433357477755463355744736633357877887846845444847866478745465446548544465
7654586855465777786656648776678564567686655854444545744337456543563636455399954637345767453656436634667336378874585868688558765676465555746868867466674
4548776666848756584577685586756546877778488588757773463665674535776776574499963474556345354666756763447558666756878447555657744585678645456548745576664
5667558885785746477664848648767585686474484468467336735653457457466773746799963634475437655735335334774477856646656875865888646468558775645865557844448
