45275638057
46615915525
49710783774
54891937736
60129149605
69153536216
71775538498
72392194317
75924543091
85038938970
94178181621
94448545941
276142167936
292630922180
426396720727
431538429336
1025753020780
1307123358246
1386277059804
1426747036334
1587897656915
2193750484223
2232670771652
2321102198073
2424881871986
2612045940119
2615520180044
2639570256038
2678811546912
2747046340692
2999752792602
3016706999461
3103761464866
3242125663929
3292937859781
3422419144116
3695888014974
3934652301738
3952475780918
4237382559849
4349549927730
4363190877630
4441514109099
4514790901022
4833850404700
4868152551702
4904880890925
5018217212476
5288095348367
5290436117019
5479583673599
5527106882055
5655817567607
5972781155943
6102679779634
6151083337751
6233818836573
6395239069113
6417681731099
6538017574622
6606662304307
6676467203160
6684968630379
6702648226036
6715146608194
6865924837732
6988538507447
6993657731745
7013724690666
7189442183601
7357889376487
7511405762651
7569105018523
7637229672656
7713040205200
7908533007358
8042105816252
8187466900119
8215310812634
8241105302950
8258977619015
8292590348764
8336056271186
8676839887936
8703179191381
8714898091754
8750735724657
8828234836596
8929191124744
8934256099238
9018667346509
9142817155415
9161715924308
9235361642679
9302177167994
9436912308335
9553514402583
9596624572150
9602327726785
9836239611926
